{"id": ["acl-X98-1010", "acl-X98-1011", "acl-X98-1012", "acl-X98-1013", "acl-X98-1014", "acl-X98-1015", "acl-X98-1016", "acl-X98-1017", "acl-X98-1018", "acl-X98-1019", "acl-X98-1020", "acl-X98-1021", "acl-X98-1022", "acl-X98-1023", "acl-X98-1024", "acl-X98-1025", "acl-X98-1026", "acl-X98-1027", "acl-X98-1028", "acl-X98-1029", "acl-X98-1030", "acl-X98-1031"], "docsims": [[1.0000001192092896, 0.133622944355011, 0.08261743932962418, 0.12425768375396729, 0.0902533233165741, 0.08498183637857437, 0.09688001871109009, 0.06462924182415009, 0.015285374596714973, 0.03878749534487724, 0.08095678687095642, 0.13407102227210999, 0.02811441570520401, 0.04014785587787628, 0.025417624041438103, 0.02847510389983654, 0.042426690459251404, 0.02093506045639515, 0.04371235519647598, 0.053710728883743286, 0.08223819732666016, 0.03962023928761482], [0.133622944355011, 1.0000004768371582, 0.06348516047000885, 0.06388194113969803, 0.04790214076638222, 0.06146683543920517, 0.06098265200853348, 0.03207188472151756, 0.02544521354138851, 0.02288375236093998, 0.047357670962810516, 0.02885693497955799, 0.027115702629089355, 0.04682076722383499, 0.012585334479808807, 0.025905262678861618, 0.04053471237421036, 0.017590103670954704, 0.034135010093450546, 0.03145802021026611, 0.05330188572406769, 0.03423801064491272], [0.08261743932962418, 0.06348516047000885, 1.0, 0.17804501950740814, 0.11660481989383698, 0.23684090375900269, 0.1606886088848114, 0.07345324754714966, 0.038803547620773315, 0.0607057623565197, 0.07717406749725342, 0.08276055753231049, 0.040469203144311905, 0.07949964702129364, 0.049380429089069366, 0.04703205078840256, 0.07309336960315704, 0.02730870619416237, 0.04904467612504959, 0.09514545649290085, 0.13397498428821564, 0.05653334781527519], [0.12425768375396729, 0.06388194113969803, 0.17804501950740814, 1.0000001192092896, 0.1258801817893982, 0.13386793434619904, 0.1679399609565735, 0.11272966861724854, 0.04699758440256119, 0.0738697499036789, 0.09974802285432816, 0.1481589525938034, 0.062411483377218246, 0.061786845326423645, 0.0635533258318901, 0.07380658388137817, 0.09373555332422256, 0.05125178024172783, 0.09413838386535645, 0.07594358921051025, 0.11438217759132385, 0.09471894800662994], [0.0902533233165741, 0.04790214076638222, 0.11660481244325638, 0.1258801817893982, 1.0, 0.054565124213695526, 0.08601722866296768, 0.10611538589000702, 0.048987146466970444, 0.05521648749709129, 0.11316585540771484, 0.08721937239170074, 0.05637553334236145, 0.045668669044971466, 0.03800687938928604, 0.03933560848236084, 0.07174500823020935, 0.027280395850539207, 0.06651215255260468, 0.14655673503875732, 0.1255938559770584, 0.060767434537410736], [0.08498183637857437, 0.06146683543920517, 0.23684090375900269, 0.13386793434619904, 0.054565124213695526, 0.9999998807907104, 0.3392542898654938, 0.05196654796600342, 0.011596341617405415, 0.02480054274201393, 0.039586134254932404, 0.042474161833524704, 0.023230556398630142, 0.09241384267807007, 0.01711910218000412, 0.01488826610147953, 0.05478977784514427, 0.012706952169537544, 0.030505705624818802, 0.04803648218512535, 0.06072520837187767, 0.017690487205982208], [0.09688001871109009, 0.06098265200853348, 0.1606886088848114, 0.1679399609565735, 0.08601722866296768, 0.3392542898654938, 1.0000001192092896, 0.08393833786249161, 0.02330491691827774, 0.03508906066417694, 0.0679260641336441, 0.058680228888988495, 0.05081874132156372, 0.045484963804483414, 0.04162922129034996, 0.0412607342004776, 0.05964852496981621, 0.02215534634888172, 0.04487571120262146, 0.0480169951915741, 0.05279587581753731, 0.03212320804595947], [0.06462924182415009, 0.03207188472151756, 0.07345324754714966, 0.11272966861724854, 0.10611538589000702, 0.05196654796600342, 0.08393833786249161, 1.0, 0.0781794935464859, 0.11567847430706024, 0.17281478643417358, 0.16972577571868896, 0.10376904904842377, 0.09558813273906708, 0.10648565739393234, 0.1263350546360016, 0.10360617935657501, 0.08915302157402039, 0.1273396611213684, 0.039128780364990234, 0.06955507397651672, 0.12135660648345947], [0.015285374596714973, 0.02544521354138851, 0.038803547620773315, 0.04699758440256119, 0.048987146466970444, 0.011596341617405415, 0.02330491691827774, 0.0781794935464859, 1.0000001192092896, 0.12647928297519684, 0.11567994952201843, 0.08272677659988403, 0.04575442150235176, 0.027590440586209297, 0.03757946565747261, 0.07065030187368393, 0.06086571514606476, 0.05991658568382263, 0.04529092460870743, 0.013744885101914406, 0.02089654840528965, 0.1019793227314949], [0.03878749534487724, 0.02288375236093998, 0.0607057623565197, 0.0738697499036789, 0.055216483771800995, 0.02480054274201393, 0.03508906066417694, 0.11567847430706024, 0.12647928297519684, 1.0, 0.15616998076438904, 0.07924386858940125, 0.06822529435157776, 0.07660955935716629, 0.04729704186320305, 0.0976778119802475, 0.06584809720516205, 0.06186477839946747, 0.0973454937338829, 0.026636628434062004, 0.0340900719165802, 0.14608649909496307], [0.08095678687095642, 0.047357670962810516, 0.07717406749725342, 0.09974802285432816, 0.11316585540771484, 0.039586134254932404, 0.0679260641336441, 0.17281478643417358, 0.11567993462085724, 0.15616998076438904, 1.000000238418579, 0.10386775434017181, 0.0870015099644661, 0.07379667460918427, 0.08510678261518478, 0.11989199370145798, 0.09201136976480484, 0.07579661905765533, 0.19166183471679688, 0.030596785247325897, 0.058508165180683136, 0.22658410668373108], [0.13407102227210999, 0.02885693497955799, 0.08276055753231049, 0.1481589525938034, 0.08721937239170074, 0.042474161833524704, 0.058680228888988495, 0.16972577571868896, 0.08272677659988403, 0.07924386858940125, 0.10386775434017181, 1.0000001192092896, 0.11706691235303879, 0.0777607336640358, 0.1184210479259491, 0.14870165288448334, 0.1036425530910492, 0.09219267964363098, 0.13869798183441162, 0.0693981721997261, 0.10884755104780197, 0.0742608830332756], [0.02811441570520401, 0.027115702629089355, 0.040469203144311905, 0.062411483377218246, 0.05637553334236145, 0.023230556398630142, 0.05081874132156372, 0.10376904904842377, 0.04575442150235176, 0.06822529435157776, 0.0870015099644661, 0.11706691235303879, 1.0, 0.10782027989625931, 0.17413540184497833, 0.12192348390817642, 0.12402091920375824, 0.09158965945243835, 0.19240158796310425, 0.022369302809238434, 0.03511478006839752, 0.064231738448143], [0.04014785587787628, 0.04682076722383499, 0.07949964702129364, 0.061786845326423645, 0.045668669044971466, 0.09241384267807007, 0.045484963804483414, 0.09558813273906708, 0.027590440586209297, 0.07660955935716629, 0.07379667460918427, 0.0777607336640358, 0.10782027989625931, 0.9999998807907104, 0.10802905261516571, 0.08089647442102432, 0.10668627917766571, 0.06839536130428314, 0.1446741670370102, 0.02949938364326954, 0.047433506697416306, 0.0555076003074646], [0.025417624041438103, 0.012585334479808807, 0.049380429089069366, 0.0635533258318901, 0.03800687938928604, 0.01711910218000412, 0.04162922129034996, 0.10648565739393234, 0.03757946565747261, 0.04729704186320305, 0.08510678261518478, 0.1184210479259491, 0.17413540184497833, 0.10802905261516571, 1.0, 0.14800231158733368, 0.12368293851613998, 0.11674383282661438, 0.21791978180408478, 0.04050525650382042, 0.028525274246931076, 0.08784379810094833], [0.02847510389983654, 0.025905262678861618, 0.04703205078840256, 0.07380658388137817, 0.03933560848236084, 0.01488826610147953, 0.0412607342004776, 0.1263350546360016, 0.07065030187368393, 0.0976778119802475, 0.11989199370145798, 0.14870165288448334, 0.12192348390817642, 0.08089647442102432, 0.14800231158733368, 0.9999998211860657, 0.10011263191699982, 0.08398227393627167, 0.1721971333026886, 0.038587938994169235, 0.048670850694179535, 0.09520458430051804], [0.042426690459251404, 0.04053471237421036, 0.07309336960315704, 0.09373555332422256, 0.07174500823020935, 0.05478977784514427, 0.05964852496981621, 0.10360617935657501, 0.06086571514606476, 0.06584809720516205, 0.09201136976480484, 0.1036425530910492, 0.12402091920375824, 0.10668627917766571, 0.12368293851613998, 0.10011263191699982, 1.0000001192092896, 0.07985512912273407, 0.1704038679599762, 0.026061583310365677, 0.0415651910007, 0.08395946025848389], [0.02093506045639515, 0.017590103670954704, 0.02730870619416237, 0.05125178024172783, 0.027280395850539207, 0.012706952169537544, 0.02215534634888172, 0.08915302157402039, 0.05991658568382263, 0.06186477839946747, 0.07579661905765533, 0.09219267964363098, 0.09158965945243835, 0.06839536130428314, 0.11674383282661438, 0.08398227393627167, 0.07985512912273407, 1.0000003576278687, 0.14107073843479156, 0.02690240927040577, 0.03273490071296692, 0.11943596601486206], [0.04371235519647598, 0.034135010093450546, 0.04904467612504959, 0.09413838386535645, 0.06651215255260468, 0.030505705624818802, 0.04487571120262146, 0.1273396611213684, 0.04529092460870743, 0.0973454937338829, 0.19166183471679688, 0.13869798183441162, 0.19240158796310425, 0.1446741670370102, 0.21791978180408478, 0.1721971333026886, 0.1704038679599762, 0.14107073843479156, 1.0, 0.03445097804069519, 0.062201887369155884, 0.11134908348321915], [0.053710728883743286, 0.03145802021026611, 0.09514545649290085, 0.07594358921051025, 0.14655673503875732, 0.04803648218512535, 0.0480169951915741, 0.039128780364990234, 0.013744885101914406, 0.026636628434062004, 0.030596785247325897, 0.0693981721997261, 0.022369302809238434, 0.02949938364326954, 0.04050525650382042, 0.038587938994169235, 0.026061583310365677, 0.02690240927040577, 0.03445097804069519, 1.0, 0.2662656903266907, 0.059961408376693726], [0.08223819732666016, 0.05330188572406769, 0.13397498428821564, 0.11438217759132385, 0.1255938559770584, 0.06072520837187767, 0.05279587581753731, 0.06955507397651672, 0.02089654840528965, 0.0340900719165802, 0.058508165180683136, 0.10884755849838257, 0.03511478006839752, 0.047433506697416306, 0.028525274246931076, 0.048670850694179535, 0.0415651910007, 0.03273490443825722, 0.062201887369155884, 0.2662656903266907, 0.9999998807907104, 0.06138799339532852], [0.03962023928761482, 0.03423801064491272, 0.05653334781527519, 0.09471894800662994, 0.060767434537410736, 0.017690487205982208, 0.03212320804595947, 0.12135660648345947, 0.1019793227314949, 0.14608649909496307, 0.22658410668373108, 0.0742608830332756, 0.064231738448143, 0.0555076003074646, 0.08784379810094833, 0.09520458430051804, 0.08395946025848389, 0.11943596601486206, 0.11134908348321915, 0.059961408376693726, 0.06138799339532852, 1.0000001192092896]]}